X1 X2 X3 X4 X5 
0  0  0  0  0  :   1.684735
1  0  0  0  0  :   -0.700096
2  0  0  0  0  :   0.166345
0  1  0  0  0  :   1.460165
1  1  0  0  0  :   -0.313034
0  2  0  0  0  :   -0.051800
0  0  1  0  0  :   -2.103989
1  0  1  0  0  :   -0.503889
0  1  1  0  0  :   2.037903
0  0  2  0  0  :   -1.724297
0  0  0  1  0  :   6.152524
1  0  0  1  0  :   -0.206387
0  1  0  1  0  :   1.010174
0  0  1  1  0  :   -4.336573
0  0  0  2  0  :   4.643059
0  0  0  0  1  :   -5.057494
1  0  0  0  1  :   0.719536
0  1  0  0  1  :   -2.737191
0  0  1  0  1  :   6.505606
0  0  0  1  1  :   -6.199046
0  0  0  0  2  :   0.998869
